tile099 188 8.5 0 0 90 0 1 1 1
tile099 189 8.5 0 0 90 0 1 1 1
tile099 187 7.5 0 0 90 0 1 1 1
tile099 188 7.5 0 0 90 0 1 1 1
tile099 189 7.5 0 0 90 0 1 1 1
tile099 186 6.5 0 0 90 0 1 1 1
tile099 187 6.5 0 0 90 0 1 1 1
tile099 188 6.5 0 0 90 0 1 1 1
tile099 189 6.5 0 0 90 0 1 1 1
tile099 185 5.5 0 0 90 0 1 1 1
tile099 186 5.5 0 0 90 0 1 1 1
tile099 187 5.5 0 0 90 0 1 1 1
tile099 188 5.5 0 0 90 0 1 1 1
tile099 189 5.5 0 0 90 0 1 1 1
tile099 137 4.5 0 0 90 0 1 1 1
tile099 140 4.5 0 0 90 0 1 1 1
tile099 151 4.5 0 0 90 0 1 1 1
tile099 152 4.5 0 0 90 0 1 1 1
tile099 155 4.5 0 0 90 0 1 1 1
tile099 184 4.5 0 0 90 0 1 1 1
tile099 185 4.5 0 0 90 0 1 1 1
tile099 186 4.5 0 0 90 0 1 1 1
tile099 187 4.5 0 0 90 0 1 1 1
tile099 188 4.5 0 0 90 0 1 1 1
tile099 189 4.5 0 0 90 0 1 1 1
tile099 136 3.5 0 0 90 0 1 1 1
tile099 137 3.5 0 0 90 0 1 1 1
tile099 140 3.5 0 0 90 0 1 1 1
tile099 141 3.5 0 0 90 0 1 1 1
tile099 150 3.5 0 0 90 0 1 1 1
tile099 151 3.5 0 0 90 0 1 1 1
tile099 152 3.5 0 0 90 0 1 1 1
tile099 155 3.5 0 0 90 0 1 1 1
tile099 156 3.5 0 0 90 0 1 1 1
tile099 183 3.5 0 0 90 0 1 1 1
tile099 184 3.5 0 0 90 0 1 1 1
tile099 185 3.5 0 0 90 0 1 1 1
tile099 186 3.5 0 0 90 0 1 1 1
tile099 187 3.5 0 0 90 0 1 1 1
tile099 188 3.5 0 0 90 0 1 1 1
tile099 189 3.5 0 0 90 0 1 1 1
tile099 135 2.5 0 0 90 0 1 1 1
tile099 136 2.5 0 0 90 0 1 1 1
tile099 137 2.5 0 0 90 0 1 1 1
tile099 140 2.5 0 0 90 0 1 1 1
tile099 141 2.5 0 0 90 0 1 1 1
tile099 142 2.5 0 0 90 0 1 1 1
tile099 149 2.5 0 0 90 0 1 1 1
tile099 150 2.5 0 0 90 0 1 1 1
tile099 151 2.5 0 0 90 0 1 1 1
tile099 152 2.5 0 0 90 0 1 1 1
tile099 155 2.5 0 0 90 0 1 1 1
tile099 156 2.5 0 0 90 0 1 1 1
tile099 157 2.5 0 0 90 0 1 1 1
tile099 182 2.5 0 0 90 0 1 1 1
tile099 183 2.5 0 0 90 0 1 1 1
tile099 184 2.5 0 0 90 0 1 1 1
tile099 185 2.5 0 0 90 0 1 1 1
tile099 186 2.5 0 0 90 0 1 1 1
tile099 187 2.5 0 0 90 0 1 1 1
tile099 188 2.5 0 0 90 0 1 1 1
tile099 189 2.5 0 0 90 0 1 1 1
tile099 134 1.5 0 0 90 0 1 1 1
tile099 135 1.5 0 0 90 0 1 1 1
tile099 136 1.5 0 0 90 0 1 1 1
tile099 137 1.5 0 0 90 0 1 1 1
tile099 140 1.5 0 0 90 0 1 1 1
tile099 141 1.5 0 0 90 0 1 1 1
tile099 142 1.5 0 0 90 0 1 1 1
tile099 143 1.5 0 0 90 0 1 1 1
tile099 148 1.5 0 0 90 0 1 1 1
tile099 149 1.5 0 0 90 0 1 1 1
tile099 150 1.5 0 0 90 0 1 1 1
tile099 151 1.5 0 0 90 0 1 1 1
tile099 152 1.5 0 0 90 0 1 1 1
tile099 155 1.5 0 0 90 0 1 1 1
tile099 156 1.5 0 0 90 0 1 1 1
tile099 157 1.5 0 0 90 0 1 1 1
tile099 158 1.5 0 0 90 0 1 1 1
tile099 181 1.5 0 0 90 0 1 1 1
tile099 182 1.5 0 0 90 0 1 1 1
tile099 183 1.5 0 0 90 0 1 1 1
tile099 184 1.5 0 0 90 0 1 1 1
tile099 185 1.5 0 0 90 0 1 1 1
tile099 186 1.5 0 0 90 0 1 1 1
tile099 187 1.5 0 0 90 0 1 1 1
tile099 188 1.5 0 0 90 0 1 1 1
tile099 189 1.5 0 0 90 0 1 1 1
tile099 198 1.5 0 0 90 0 1 1 1
tile002 80.0625 8.5 0 0 90 0 1 1 1
tile002 81.0625 8.5 0 0 90 0 1 1 1
tile002 82.0625 8.5 0 0 90 0 1 1 1
tile002 83.0625 8.5 0 0 90 0 1 1 1
tile002 84.0625 8.5 0 0 90 0 1 1 1
tile002 85.0625 8.5 0 0 90 0 1 1 1
tile002 86.0625 8.5 0 0 90 0 1 1 1
tile002 91 8.5 0 0 90 0 1 1 1
tile002 92 8.5 0 0 90 0 1 1 1
tile002 93 8.5 0 0 90 0 1 1 1
tile002 121 8.5 0 0 90 0 1 1 1
tile002 122 8.5 0 0 90 0 1 1 1
tile002 123 8.5 0 0 90 0 1 1 1
tile002 128 8.5 0 0 90 0 1 1 1
tile002 131 8.5 0 0 90 0 1 1 1
tile002 204 5 0 0 90 0 1 1 1
tile002 20 4.5 0 0 90 0 1 1 1
tile002 22 4.5 0 0 90 0 1 1 1
tile002 24 4.5 0 0 90 0 1 1 1
tile002 77 4.5 0 0 90 0 1 1 1
tile002 79 4.5 0 0 90 0 1 1 1
tile002 94 4.5 0 0 90 0 1 1 1
tile002 100 4.5 0 0 90 0 1 1 1
tile002 101 4.5 0 0 90 0 1 1 1
tile002 118 4.5 0 0 90 0 1 1 1
tile002 129 4.5 0 0 90 0 1 1 1
tile002 130 4.5 0 0 90 0 1 1 1
tile002 168 4.5 0 0 90 0 1 1 1
tile002 169 4.5 0 0 90 0 1 1 1
tile002 171 4.5 0 0 90 0 1 1 1
tile002 202 3 0 0 90 0 1 1 1
tile002 203 3 0 0 90 0 1 1 1
tile002 205 3 0 0 90 0 1 1 1
tile002 206 3 0 0 90 0 1 1 1
tile002 204.75 2.75 0 0 90 0 1 1 1
tile002 202 2 0 0 90 0 1 1 1
tile002 203 2 0 0 90 0 1 1 1
tile002 206 2 0 0 90 0 1 1 1
tile002 205.25 1.75 0 0 90 0 1 1 1
tile002 205 1.5 0 0 90 0 1 1 1
tile201 22 8.5 0 0 90 0 1 1 1
tile201 94 8.5 0 0 90 0 1 1 1
tile201 109 8.5 0 0 90 0 1 1 1
tile201 129 8.5 0 0 90 0 1 1 1
tile201 130 8.5 0 0 90 0 1 1 1
tile201 16 4.5 0 0 90 0 1 1 1
tile201 21 4.5 0 0 90 0 1 1 1
tile201 23 4.5 0 0 90 0 1 1 1
tile201 78 4.5 0 0 90 0 1 1 1
tile201 106 4.5 0 0 90 0 1 1 1
tile201 109 4.5 0 0 90 0 1 1 1
tile201 112 4.5 0 0 90 0 1 1 1
tile201 170 4.5 0 0 90 0 1 1 1
tile202 22 8.5 0 0 90 0 1 1 1
tile202 94 8.5 0 0 90 0 1 1 1
tile202 109 8.5 0 0 90 0 1 1 1
tile202 129 8.5 0 0 90 0 1 1 1
tile202 130 8.5 0 0 90 0 1 1 1
tile202 16 4.5 0 0 90 0 1 1 1
tile202 21 4.5 0 0 90 0 1 1 1
tile202 23 4.5 0 0 90 0 1 1 1
tile202 78 4.5 0 0 90 0 1 1 1
tile202 106 4.5 0 0 90 0 1 1 1
tile202 109 4.5 0 0 90 0 1 1 1
tile202 112 4.5 0 0 90 0 1 1 1
tile202 170 4.5 0 0 90 0 1 1 1
tile000 0 0.5 0 0 90 0 1 1 1
tile000 1 0.5 0 0 90 0 1 1 1
tile000 2 0.5 0 0 90 0 1 1 1
tile000 3 0.5 0 0 90 0 1 1 1
tile000 4 0.5 0 0 90 0 1 1 1
tile000 5 0.5 0 0 90 0 1 1 1
tile000 6 0.5 0 0 90 0 1 1 1
tile000 7 0.5 0 0 90 0 1 1 1
tile000 8 0.5 0 0 90 0 1 1 1
tile000 9 0.5 0 0 90 0 1 1 1
tile000 10 0.5 0 0 90 0 1 1 1
tile000 11 0.5 0 0 90 0 1 1 1
tile000 12 0.5 0 0 90 0 1 1 1
tile000 13 0.5 0 0 90 0 1 1 1
tile000 14 0.5 0 0 90 0 1 1 1
tile000 15 0.5 0 0 90 0 1 1 1
tile000 16 0.5 0 0 90 0 1 1 1
tile000 17 0.5 0 0 90 0 1 1 1
tile000 18 0.5 0 0 90 0 1 1 1
tile000 19 0.5 0 0 90 0 1 1 1
tile000 20 0.5 0 0 90 0 1 1 1
tile000 21 0.5 0 0 90 0 1 1 1
tile000 22 0.5 0 0 90 0 1 1 1
tile000 23 0.5 0 0 90 0 1 1 1
tile000 24 0.5 0 0 90 0 1 1 1
tile000 25 0.5 0 0 90 0 1 1 1
tile000 26 0.5 0 0 90 0 1 1 1
tile000 27 0.5 0 0 90 0 1 1 1
tile000 28 0.5 0 0 90 0 1 1 1
tile000 29 0.5 0 0 90 0 1 1 1
tile000 30 0.5 0 0 90 0 1 1 1
tile000 31 0.5 0 0 90 0 1 1 1
tile000 32 0.5 0 0 90 0 1 1 1
tile000 33 0.5 0 0 90 0 1 1 1
tile000 34 0.5 0 0 90 0 1 1 1
tile000 35 0.5 0 0 90 0 1 1 1
tile000 36 0.5 0 0 90 0 1 1 1
tile000 37 0.5 0 0 90 0 1 1 1
tile000 38 0.5 0 0 90 0 1 1 1
tile000 39 0.5 0 0 90 0 1 1 1
tile000 40 0.5 0 0 90 0 1 1 1
tile000 41 0.5 0 0 90 0 1 1 1
tile000 42 0.5 0 0 90 0 1 1 1
tile000 43 0.5 0 0 90 0 1 1 1
tile000 44 0.5 0 0 90 0 1 1 1
tile000 45 0.5 0 0 90 0 1 1 1
tile000 46 0.5 0 0 90 0 1 1 1
tile000 47 0.5 0 0 90 0 1 1 1
tile000 48 0.5 0 0 90 0 1 1 1
tile000 49 0.5 0 0 90 0 1 1 1
tile000 50 0.5 0 0 90 0 1 1 1
tile000 51 0.5 0 0 90 0 1 1 1
tile000 52 0.5 0 0 90 0 1 1 1
tile000 53 0.5 0 0 90 0 1 1 1
tile000 54 0.5 0 0 90 0 1 1 1
tile000 55 0.5 0 0 90 0 1 1 1
tile000 56 0.5 0 0 90 0 1 1 1
tile000 57 0.5 0 0 90 0 1 1 1
tile000 58 0.5 0 0 90 0 1 1 1
tile000 59 0.5 0 0 90 0 1 1 1
tile000 60 0.5 0 0 90 0 1 1 1
tile000 61 0.5 0 0 90 0 1 1 1
tile000 62 0.5 0 0 90 0 1 1 1
tile000 63 0.5 0 0 90 0 1 1 1
tile000 64 0.5 0 0 90 0 1 1 1
tile000 65 0.5 0 0 90 0 1 1 1
tile000 66 0.5 0 0 90 0 1 1 1
tile000 67.9375 0.5 0 0 90 0 1 1 1
tile000 71 0.5 0 0 90 0 1 1 1
tile000 72 0.5 0 0 90 0 1 1 1
tile000 73 0.5 0 0 90 0 1 1 1
tile000 74 0.5 0 0 90 0 1 1 1
tile000 75 0.5 0 0 90 0 1 1 1
tile000 76 0.5 0 0 90 0 1 1 1
tile000 77 0.5 0 0 90 0 1 1 1
tile000 78 0.5 0 0 90 0 1 1 1
tile000 79 0.5 0 0 90 0 1 1 1
tile000 80 0.5 0 0 90 0 1 1 1
tile000 81 0.5 0 0 90 0 1 1 1
tile000 82 0.5 0 0 90 0 1 1 1
tile000 83 0.5 0 0 90 0 1 1 1
tile000 84 0.5 0 0 90 0 1 1 1
tile000 85 0.5 0 0 90 0 1 1 1
tile000 89 0.5 0 0 90 0 1 1 1
tile000 90 0.5 0 0 90 0 1 1 1
tile000 91 0.5 0 0 90 0 1 1 1
tile000 92 0.5 0 0 90 0 1 1 1
tile000 93 0.5 0 0 90 0 1 1 1
tile000 94 0.5 0 0 90 0 1 1 1
tile000 95 0.5 0 0 90 0 1 1 1
tile000 96 0.5 0 0 90 0 1 1 1
tile000 97 0.5 0 0 90 0 1 1 1
tile000 98 0.5 0 0 90 0 1 1 1
tile000 99 0.5 0 0 90 0 1 1 1
tile000 100 0.5 0 0 90 0 1 1 1
tile000 101 0.5 0 0 90 0 1 1 1
tile000 102 0.5 0 0 90 0 1 1 1
tile000 103 0.5 0 0 90 0 1 1 1
tile000 104 0.5 0 0 90 0 1 1 1
tile000 105 0.5 0 0 90 0 1 1 1
tile000 106 0.5 0 0 90 0 1 1 1
tile000 107 0.5 0 0 90 0 1 1 1
tile000 108 0.5 0 0 90 0 1 1 1
tile000 109 0.5 0 0 90 0 1 1 1
tile000 110 0.5 0 0 90 0 1 1 1
tile000 111 0.5 0 0 90 0 1 1 1
tile000 112 0.5 0 0 90 0 1 1 1
tile000 113 0.5 0 0 90 0 1 1 1
tile000 114 0.5 0 0 90 0 1 1 1
tile000 115 0.5 0 0 90 0 1 1 1
tile000 116 0.5 0 0 90 0 1 1 1
tile000 117 0.5 0 0 90 0 1 1 1
tile000 118 0.5 0 0 90 0 1 1 1
tile000 119 0.5 0 0 90 0 1 1 1
tile000 120 0.5 0 0 90 0 1 1 1
tile000 121 0.5 0 0 90 0 1 1 1
tile000 122 0.5 0 0 90 0 1 1 1
tile000 123 0.5 0 0 90 0 1 1 1
tile000 124 0.5 0 0 90 0 1 1 1
tile000 125 0.5 0 0 90 0 1 1 1
tile000 126 0.5 0 0 90 0 1 1 1
tile000 127 0.5 0 0 90 0 1 1 1
tile000 128 0.5 0 0 90 0 1 1 1
tile000 129 0.5 0 0 90 0 1 1 1
tile000 130 0.5 0 0 90 0 1 1 1
tile000 131 0.5 0 0 90 0 1 1 1
tile000 132 0.5 0 0 90 0 1 1 1
tile000 133 0.5 0 0 90 0 1 1 1
tile000 134 0.5 0 0 90 0 1 1 1
tile000 135 0.5 0 0 90 0 1 1 1
tile000 136 0.5 0 0 90 0 1 1 1
tile000 137 0.5 0 0 90 0 1 1 1
tile000 138 0.5 0 0 90 0 1 1 1
tile000 139 0.5 0 0 90 0 1 1 1
tile000 140 0.5 0 0 90 0 1 1 1
tile000 141 0.5 0 0 90 0 1 1 1
tile000 142 0.5 0 0 90 0 1 1 1
tile000 143 0.5 0 0 90 0 1 1 1
tile000 144 0.5 0 0 90 0 1 1 1
tile000 145 0.5 0 0 90 0 1 1 1
tile000 146 0.5 0 0 90 0 1 1 1
tile000 147 0.5 0 0 90 0 1 1 1
tile000 148 0.5 0 0 90 0 1 1 1
tile000 149 0.5 0 0 90 0 1 1 1
tile000 150 0.5 0 0 90 0 1 1 1
tile000 151 0.5 0 0 90 0 1 1 1
tile000 152 0.5 0 0 90 0 1 1 1
tile000 155 0.5 0 0 90 0 1 1 1
tile000 156 0.5 0 0 90 0 1 1 1
tile000 157 0.5 0 0 90 0 1 1 1
tile000 158 0.5 0 0 90 0 1 1 1
tile000 159 0.5 0 0 90 0 1 1 1
tile000 160 0.5 0 0 90 0 1 1 1
tile000 161 0.5 0 0 90 0 1 1 1
tile000 162 0.5 0 0 90 0 1 1 1
tile000 163 0.5 0 0 90 0 1 1 1
tile000 164 0.5 0 0 90 0 1 1 1
tile000 165 0.5 0 0 90 0 1 1 1
tile000 166 0.5 0 0 90 0 1 1 1
tile000 167 0.5 0 0 90 0 1 1 1
tile000 168 0.5 0 0 90 0 1 1 1
tile000 169 0.5 0 0 90 0 1 1 1
tile000 170 0.5 0 0 90 0 1 1 1
tile000 171 0.5 0 0 90 0 1 1 1
tile000 172 0.5 0 0 90 0 1 1 1
tile000 173 0.5 0 0 90 0 1 1 1
tile000 174 0.5 0 0 90 0 1 1 1
tile000 175 0.5 0 0 90 0 1 1 1
tile000 176 0.5 0 0 90 0 1 1 1
tile000 177 0.5 0 0 90 0 1 1 1
tile000 178 0.5 0 0 90 0 1 1 1
tile000 179 0.5 0 0 90 0 1 1 1
tile000 180 0.5 0 0 90 0 1 1 1
tile000 181 0.5 0 0 90 0 1 1 1
tile000 182 0.5 0 0 90 0 1 1 1
tile000 183 0.5 0 0 90 0 1 1 1
tile000 184 0.5 0 0 90 0 1 1 1
tile000 185 0.5 0 0 90 0 1 1 1
tile000 186 0.5 0 0 90 0 1 1 1
tile000 187 0.5 0 0 90 0 1 1 1
tile000 188 0.5 0 0 90 0 1 1 1
tile000 189 0.5 0 0 90 0 1 1 1
tile000 190 0.5 0 0 90 0 1 1 1
tile000 191 0.5 0 0 90 0 1 1 1
tile000 192 0.5 0 0 90 0 1 1 1
tile000 193 0.5 0 0 90 0 1 1 1
tile000 194 0.5 0 0 90 0 1 1 1
tile000 195 0.5 0 0 90 0 1 1 1
tile000 196 0.5 0 0 90 0 1 1 1
tile000 197 0.5 0 0 90 0 1 1 1
tile000 198 0.5 0 0 90 0 1 1 1
tile000 199 0.5 0 0 90 0 1 1 1
tile000 200 0.5 0 0 90 0 1 1 1
tile000 201 0.5 0 0 90 0 1 1 1
tile000 202 0.5 0 0 90 0 1 1 1
tile000 203 0.5 0 0 90 0 1 1 1
tile000 204 0.5 0 0 90 0 1 1 1
tile000 205 0.5 0 0 90 0 1 1 1
tile000 206 0.5 0 0 90 0 1 1 1
tile000 207 0.5 0 0 90 0 1 1 1
tile000 208 0.5 0 0 90 0 1 1 1
tile000 209 0.5 0 0 90 0 1 1 1
tile000 210 0.5 0 0 90 0 1 1 1
tile000 211 0.5 0 0 90 0 1 1 1
tile207 22 8.5 0 0 90 0 1 1 1
tile207 94 8.5 0 0 90 0 1 1 1
tile207 109 8.5 0 0 90 0 1 1 1
tile207 129 8.5 0 0 90 0 1 1 1
tile207 130 8.5 0 0 90 0 1 1 1
tile207 16 4.5 0 0 90 0 1 1 1
tile207 21 4.5 0 0 90 0 1 1 1
tile207 23 4.5 0 0 90 0 1 1 1
tile207 78 4.5 0 0 90 0 1 1 1
tile207 106 4.5 0 0 90 0 1 1 1
tile207 109 4.5 0 0 90 0 1 1 1
tile207 112 4.5 0 0 90 0 1 1 1
tile207 170 4.5 0 0 90 0 1 1 1
tile208 22 8.5 0 0 90 0 1 1 1
tile208 94 8.5 0 0 90 0 1 1 1
tile208 109 8.5 0 0 90 0 1 1 1
tile208 129 8.5 0 0 90 0 1 1 1
tile208 130 8.5 0 0 90 0 1 1 1
tile208 16 4.5 0 0 90 0 1 1 1
tile208 21 4.5 0 0 90 0 1 1 1
tile208 23 4.5 0 0 90 0 1 1 1
tile208 78 4.5 0 0 90 0 1 1 1
tile208 106 4.5 0 0 90 0 1 1 1
tile208 109 4.5 0 0 90 0 1 1 1
tile208 112 4.5 0 0 90 0 1 1 1
tile208 170 4.5 0 0 90 0 1 1 1
tile025 22 8.5 0 0 90 0 1 1 1
tile025 94 8.5 0 0 90 0 1 1 1
tile025 109 8.5 0 0 90 0 1 1 1
tile025 129 8.5 0 0 90 0 1 1 1
tile025 130 8.5 0 0 90 0 1 1 1
tile025 16 4.5 0 0 90 0 1 1 1
tile025 21 4.5 0 0 90 0 1 1 1
tile025 23 4.5 0 0 90 0 1 1 1
tile025 78 4.5 0 0 90 0 1 1 1
tile025 106 4.5 0 0 90 0 1 1 1
tile025 109 4.5 0 0 90 0 1 1 1
tile025 112 4.5 0 0 90 0 1 1 1
tile025 170 4.5 0 0 90 0 1 1 1
tile024 22 8.5 0 0 90 0 1 1 1
tile024 94 8.5 0 0 90 0 1 1 1
tile024 109 8.5 0 0 90 0 1 1 1
tile024 129 8.5 0 0 90 0 1 1 1
tile024 130 8.5 0 0 90 0 1 1 1
tile024 16 4.5 0 0 90 0 1 1 1
tile024 21 4.5 0 0 90 0 1 1 1
tile024 23 4.5 0 0 90 0 1 1 1
tile024 78 4.5 0 0 90 0 1 1 1
tile024 106 4.5 0 0 90 0 1 1 1
tile024 109 4.5 0 0 90 0 1 1 1
tile024 112 4.5 0 0 90 0 1 1 1
tile024 170 4.5 0 0 90 0 1 1 1
tile033 188 8.5 0 0 90 0 1 1 1
tile033 189 8.5 0 0 90 0 1 1 1
tile033 187 7.5 0 0 90 0 1 1 1
tile033 188 7.5 0 0 90 0 1 1 1
tile033 189 7.5 0 0 90 0 1 1 1
tile033 186 6.5 0 0 90 0 1 1 1
tile033 187 6.5 0 0 90 0 1 1 1
tile033 188 6.5 0 0 90 0 1 1 1
tile033 189 6.5 0 0 90 0 1 1 1
tile033 185 5.5 0 0 90 0 1 1 1
tile033 186 5.5 0 0 90 0 1 1 1
tile033 187 5.5 0 0 90 0 1 1 1
tile033 188 5.5 0 0 90 0 1 1 1
tile033 189 5.5 0 0 90 0 1 1 1
tile033 137 4.5 0 0 90 0 1 1 1
tile033 140 4.5 0 0 90 0 1 1 1
tile033 151 4.5 0 0 90 0 1 1 1
tile033 152 4.5 0 0 90 0 1 1 1
tile033 155 4.5 0 0 90 0 1 1 1
tile033 184 4.5 0 0 90 0 1 1 1
tile033 185 4.5 0 0 90 0 1 1 1
tile033 186 4.5 0 0 90 0 1 1 1
tile033 187 4.5 0 0 90 0 1 1 1
tile033 188 4.5 0 0 90 0 1 1 1
tile033 189 4.5 0 0 90 0 1 1 1
tile033 136 3.5 0 0 90 0 1 1 1
tile033 137 3.5 0 0 90 0 1 1 1
tile033 140 3.5 0 0 90 0 1 1 1
tile033 141 3.5 0 0 90 0 1 1 1
tile033 150 3.5 0 0 90 0 1 1 1
tile033 151 3.5 0 0 90 0 1 1 1
tile033 152 3.5 0 0 90 0 1 1 1
tile033 155 3.5 0 0 90 0 1 1 1
tile033 156 3.5 0 0 90 0 1 1 1
tile033 183 3.5 0 0 90 0 1 1 1
tile033 184 3.5 0 0 90 0 1 1 1
tile033 185 3.5 0 0 90 0 1 1 1
tile033 186 3.5 0 0 90 0 1 1 1
tile033 187 3.5 0 0 90 0 1 1 1
tile033 188 3.5 0 0 90 0 1 1 1
tile033 189 3.5 0 0 90 0 1 1 1
tile033 135 2.5 0 0 90 0 1 1 1
tile033 136 2.5 0 0 90 0 1 1 1
tile033 137 2.5 0 0 90 0 1 1 1
tile033 140 2.5 0 0 90 0 1 1 1
tile033 141 2.5 0 0 90 0 1 1 1
tile033 142 2.5 0 0 90 0 1 1 1
tile033 149 2.5 0 0 90 0 1 1 1
tile033 150 2.5 0 0 90 0 1 1 1
tile033 151 2.5 0 0 90 0 1 1 1
tile033 152 2.5 0 0 90 0 1 1 1
tile033 155 2.5 0 0 90 0 1 1 1
tile033 156 2.5 0 0 90 0 1 1 1
tile033 157 2.5 0 0 90 0 1 1 1
tile033 182 2.5 0 0 90 0 1 1 1
tile033 183 2.5 0 0 90 0 1 1 1
tile033 184 2.5 0 0 90 0 1 1 1
tile033 185 2.5 0 0 90 0 1 1 1
tile033 186 2.5 0 0 90 0 1 1 1
tile033 187 2.5 0 0 90 0 1 1 1
tile033 188 2.5 0 0 90 0 1 1 1
tile033 189 2.5 0 0 90 0 1 1 1
tile033 134 1.5 0 0 90 0 1 1 1
tile033 135 1.5 0 0 90 0 1 1 1
tile033 136 1.5 0 0 90 0 1 1 1
tile033 137 1.5 0 0 90 0 1 1 1
tile033 140 1.5 0 0 90 0 1 1 1
tile033 141 1.5 0 0 90 0 1 1 1
tile033 142 1.5 0 0 90 0 1 1 1
tile033 143 1.5 0 0 90 0 1 1 1
tile033 148 1.5 0 0 90 0 1 1 1
tile033 149 1.5 0 0 90 0 1 1 1
tile033 150 1.5 0 0 90 0 1 1 1
tile033 151 1.5 0 0 90 0 1 1 1
tile033 152 1.5 0 0 90 0 1 1 1
tile033 155 1.5 0 0 90 0 1 1 1
tile033 156 1.5 0 0 90 0 1 1 1
tile033 157 1.5 0 0 90 0 1 1 1
tile033 158 1.5 0 0 90 0 1 1 1
tile033 181 1.5 0 0 90 0 1 1 1
tile033 182 1.5 0 0 90 0 1 1 1
tile033 183 1.5 0 0 90 0 1 1 1
tile033 184 1.5 0 0 90 0 1 1 1
tile033 185 1.5 0 0 90 0 1 1 1
tile033 186 1.5 0 0 90 0 1 1 1
tile033 187 1.5 0 0 90 0 1 1 1
tile033 188 1.5 0 0 90 0 1 1 1
tile033 189 1.5 0 0 90 0 1 1 1
tile033 198 1.5 0 0 90 0 1 1 1
3.png 3008 136 0 0 90 0 16 16 16
tile033.png 3024 136 0 0 90 0 16 16 16
tile033.png 2992 120 0 0 90 0 16 16 16
tile033.png 3008 120 0 0 90 0 16 16 16
tile033.png 3024 120 0 0 90 0 16 16 16
tile033.png 2976 104 0 0 90 0 16 16 16
tile033.png 2992 104 0 0 90 0 16 16 16
tile033.png 3008 104 0 0 90 0 16 16 16
tile033.png 3024 104 0 0 90 0 16 16 16
tile033.png 2960 88 0 0 90 0 16 16 16
tile033.png 2976 88 0 0 90 0 16 16 16
tile033.png 2992 88 0 0 90 0 16 16 16
tile033.png 3008 88 0 0 90 0 16 16 16
tile033.png 3024 88 0 0 90 0 16 16 16
tile033.png 2192 72 0 0 90 0 16 16 16
tile033.png 2240 72 0 0 90 0 16 16 16
tile033.png 2416 72 0 0 90 0 16 16 16
tile033.png 2432 72 0 0 90 0 16 16 16
tile033.png 2480 72 0 0 90 0 16 16 16
tile033.png 2944 72 0 0 90 0 16 16 16
tile033.png 2960 72 0 0 90 0 16 16 16
tile033.png 2976 72 0 0 90 0 16 16 16
tile033.png 2992 72 0 0 90 0 16 16 16
tile033.png 3008 72 0 0 90 0 16 16 16
tile033.png 3024 72 0 0 90 0 16 16 16
tile033.png 2176 56 0 0 90 0 16 16 16
tile033.png 2192 56 0 0 90 0 16 16 16
tile033.png 2240 56 0 0 90 0 16 16 16
tile033.png 2256 56 0 0 90 0 16 16 16
tile033.png 2400 56 0 0 90 0 16 16 16
tile033.png 2416 56 0 0 90 0 16 16 16
tile033.png 2432 56 0 0 90 0 16 16 16
tile033.png 2480 56 0 0 90 0 16 16 16
tile033.png 2496 56 0 0 90 0 16 16 16
tile033.png 2928 56 0 0 90 0 16 16 16
tile033.png 2944 56 0 0 90 0 16 16 16
tile033.png 2960 56 0 0 90 0 16 16 16
tile033.png 2976 56 0 0 90 0 16 16 16
tile033.png 2992 56 0 0 90 0 16 16 16
tile033.png 3008 56 0 0 90 0 16 16 16
tile033.png 3024 56 0 0 90 0 16 16 16
tile033.png 2160 40 0 0 90 0 16 16 16
tile033.png 2176 40 0 0 90 0 16 16 16
tile033.png 2192 40 0 0 90 0 16 16 16
tile033.png 2240 40 0 0 90 0 16 16 16
tile033.png 2256 40 0 0 90 0 16 16 16
tile033.png 2272 40 0 0 90 0 16 16 16
tile033.png 2384 40 0 0 90 0 16 16 16
tile033.png 2400 40 0 0 90 0 16 16 16
tile033.png 2416 40 0 0 90 0 16 16 16
tile033.png 2432 40 0 0 90 0 16 16 16
tile033.png 2480 40 0 0 90 0 16 16 16
tile033.png 2496 40 0 0 90 0 16 16 16
tile033.png 2512 40 0 0 90 0 16 16 16
tile033.png 2912 40 0 0 90 0 16 16 16
tile033.png 2928 40 0 0 90 0 16 16 16
tile033.png 2944 40 0 0 90 0 16 16 16
tile033.png 2960 40 0 0 90 0 16 16 16
tile033.png 2976 40 0 0 90 0 16 16 16
tile033.png 2992 40 0 0 90 0 16 16 16
tile033.png 3008 40 0 0 90 0 16 16 16
tile033.png 3024 40 0 0 90 0 16 16 16
tile033.png 2144 24 0 0 90 0 16 16 16
tile033.png 2160 24 0 0 90 0 16 16 16
tile033.png 2176 24 0 0 90 0 16 16 16
tile033.png 2192 24 0 0 90 0 16 16 16
tile033.png 2240 24 0 0 90 0 16 16 16
tile033.png 2256 24 0 0 90 0 16 16 16
tile033.png 2272 24 0 0 90 0 16 16 16
tile033.png 2288 24 0 0 90 0 16 16 16
tile033.png 2368 24 0 0 90 0 16 16 16
tile033.png 2384 24 0 0 90 0 16 16 16
tile033.png 2400 24 0 0 90 0 16 16 16
tile033.png 2416 24 0 0 90 0 16 16 16
tile033.png 2432 24 0 0 90 0 16 16 16
tile033.png 2480 24 0 0 90 0 16 16 16
tile033.png 2496 24 0 0 90 0 16 16 16
tile033.png 2512 24 0 0 90 0 16 16 16
tile033.png 2528 24 0 0 90 0 16 16 16
tile033.png 2896 24 0 0 90 0 16 16 16
tile033.png 2912 24 0 0 90 0 16 16 16
tile033.png 2928 24 0 0 90 0 16 16 16
tile033.png 2944 24 0 0 90 0 16 16 16
tile033.png 2960 24 0 0 90 0 16 16 16
tile033.png 2976 24 0 0 90 0 16 16 16
tile033.png 2992 24 0 0 90 0 16 16 16
tile033.png 3008 24 0 0 90 0 16 16 16
tile033.png 3024 24 0 0 90 0 16 16 16
tile033.png 3168 24 0 0 90 0 16 16 16
